0 7 86 43 71 42 87 25 6 69 63 23 79 49 64 82 9 26 83 30
1 43 55 48 1 3 90 78 34 45 92 74 7
2 10 23 54 52 48 71 83 66 24 72
3 61 39 95 4 36 75 6 59 31 1
4 80 92 29 34 69 26 83 74 47 65
5 63 99 23 20 96 35 34 72 16 10 100 82 24 68 44 28 38 12
6 63 77 85 14 40 16 59 51 24 87 33 81 32 65 56 99 20
7 70 20 40 10 42 85 28 9 33 38 59 81 5 64 44 19 25 15
8 84 14 82 46 59 45 41 12 6 26 35 64 81 57 22 7 68 63 88
9 13 68 6 1 99 66 32 4 89 19 73 64 50 82 16 54 9
10 95 33 3 27 63 24 84 17 65 40 7 93 73 26 21 43 87 100 89
11 18 58 44 12 65 74 39 79 16 14 82 100 5 29 86 93 21
12 34 73 91 70 29 36 7 41 1 63 48 20 26 19
13 44 34 29 54 67 82 76 65 59 31 78 97 100 42 70 18
14 38 70 94 62 59 75 87 40 78 92 51 1 13 11 71
15 66 53 16 93 15 5 25 40 28 70 47 2 1 19 69 87 22
16 70 52 21 49 66 31 97 84 93 8 59
17 54 2 63 3 53 61 56 62 92 17 96 64 45 37
18 51 6 12 78 37 88 15 48 70 72 2 86 3 66 93 5 33 79 61 16
19 98 4 25 100 94 34 30 38 12 64 19 73 53
20 70 8 25 49 36 67 35 43 46 69 79 33 56 42 18 5 88
21 100 6 17 60 91 59 49 8 77 52 35 4 30 90 2
22 83 19 52 61 31 36 95 27 15 75 29 56 16 22 10
23 92 33 14 31 15 84 17 49 35 3 41 4
24 99 5 4 70 22 76 10 92 96 65 52 13 12 85 93 50 7 58
25 35 62 99 36 66 73 24 51 74 84
26 62 51 39 13 6 15 61 97 56 79 100 59 94
27 68 53 35 41 77 8 59 81 4 7 91 45 76 20 48
28 62 85 92 29 64 33 28 19 41 23 79 77 61 47 22 34
29 67 99 42 93 8 49 33 53 41 13 78 37 89
30 44 12 58 41 98 42 30 96 20 60 88 25 38 37
31 71 39 22 13 36 58 29 34 6 45 92 46 98 84 5 60 81
32 17 87 7 72 99 24 94 29 71 90 15 28 82 43
33 4 78 39 61 94 96 89 62 80 43 83 27
34 36 64 19 94 40 42 7 8 92 51 3 89 91 61 29 98 43 35 81
35 22 100 90 25 17 6 32 61 63 29 2 70 78 45
36 12 61 73 26 56 57 99 8 1 90 19 84 91 65 42 13 3 95
37 84 1 49 90 21 47 86 72 30 79 73 95 59 27 96 98
38 41 67 49 69 91 39 88 12 6 14 32 65 27 80 33 13
39 86 98 6 90 83 11 31 39 24 79 54
40 4 40 82 27 11 34 36 3 91 5 90 31 100 64
41 14 66 32 1 16 80 85 56 89 86 17 79 9 38
42 49 29 5 67 42 58 15 94 63 79 66 45 96
43 59 24 86 51 94 36 43 52 83 33 40
44 24 67 56 62 72 32 26 12 53 66 92 39 16 33 40 79 4
45 86 62 1 8 44 94 29 19 79 88 99
46 55 83 4 61 48 59 16 73 71 45 92 26 33 36 17 31
47 75 80 81 42 66 73 47 97 11 22 43 29 39 30 49
48 95 85 78 97 33 86 1 79 70 68 99 46 28 60 31 52 94 88 65 75
49 35 37 32 22 20 28 24 1 18 52
50 90 78 85 91 7 50 57 71 55 63 43 81 33 26 25
51 43 12 23 22 57 49 27 73 78 46 14 76 91 90 86 62 87
52 86 79 63 57 45 77 94 29 4 81 75 43 47 59 44 51 71 80 5 98
53 27 65 31 42 53 61 26 100 50 15 13 38 44 8 55 96 74 67
54 32 30 41 27 60 73 47 63 53 70 79 16 9 66 46 74 92 99
55 54 33 65 35 48 18 52 88 57 92 51 28 36 53
56 79 76 38 83 11 89 27 81 50 6 94 21 34 57 97
57 86 71 1 97 52 22 28 23 10 2 74 14 93 90 16 20 89 87
58 38 74 67 49 84 45 41 90 7 92 97 72 13 18
59 15 89 56 58 70 39 3 49 69 77 23 43 57 95 29
60 57 32 87 72 15 67 26 7 42 69 96
61 19 37 93 36 40 75 55 27 71 3 8 5 20 24 95 79 29 91 74 92
62 31 89 91 76 25 18 90 36 34 53 61 67 95
63 70 63 93 26 62 47 38 41 66 35 67 74 22 55 8 83 17 43 27 4
64 22 47 53 91 11 51 88 85 3 68 80 86 8 45
65 8 49 94 71 41 39 38 96 46 2 25 53 36 93 74 82
66 9 59 40 21 38 29 54 15 13 61 49 33 36 5 48 6 88 47 82
67 2 99 20 38 15 98 11 86 37 12
68 22 23 45 59 46 1 31 82 13 68 42 27 65 9 39 88 60 56
69 18 96 27 1 2 53 22 57 20 5 77 55 92 91 79 82 94 23 85
70 98 26 97 63 76 93 72 80 45 52 36 50 37 67
71 49 66 19 44 82 22 47 77 60 73 42 71 43 27 72 34 56 23
72 51 41 14 68 73 92 28 10 43 59 97 99 57
73 92 23 4 96 84 50 79 74 40 93 19 7 3 95 44 88 13 87 27 28
74 84 1 53 79 5 62 17 69 88 77 50 18 45 26 100 6 60
75 98 86 49 78 74 47 37 66 42 95 91 68
76 28 65 38 34 6 21 67 27 12 16 97 24 74 20
77 84 21 11 73 50 72 33 37 45 55 88 95 30
78 83 17 25 56 99 2 58 38 97 45 11 91 15
79 7 65 95 21 41 75 50 25 59 88 81 19 43 78 29 82 93 89
80 38 46 57 73 76 71 65 51 52 62 43 98 55 5 2 14 29
81 69 80 12 94 98 47 41 21 39 100
82 35 80 24 46 15 97 64 13 89 1 69 73 28 7 45
83 37 59 36 51 6 19 90 42 31 15 2 1 56 48 100
84 54 55 90 23 75 76 30 8 48 50 77 25 26
85 97 89 21 37 17 7 60 61 63 88 65 43 4 76 74
86 58 69 87 92 27 97 75 3 80 56 40 77 59 18 89 60 26 88 42
87 42 94 5 11 98 51 71 65 13 12 68 92 45 85 28
88 97 98 26 93 22 63 81 66 5 91 25 84 88 60
89 51 89 84 97 44 95 46 81 48 30 14 55 86 62 28 4 80
90 37 28 99 52 93 72 45 4 96 12 14
91 81 33 100 20 99 48 41 74 59 77 21 78 5 31 95 45 3
92 44 86 26 38 77 52 72 32 97 82 21 63 29 24 22 35 43 16 14 4
93 18 64 11 28 93 30 13 2 38 29 87 3 31 17 88 65 10 56 8
94 41 76 6 98 30 63 75 91 64 87 46 97 70 18 86
95 4 45 21 77 76 52 31 100 14 74 64 81 22 69 92 84 98
96 65 42 4 59 54 13 85 25 19 7 35 68 48 84 46 44
97 26 1 14 100 12 58 66 97 79 40 16 60 42 63
98 55 41 85 8 36 100 46 71 10 51 88 2 66 93 16 82 35 72 74
99 30 84 95 5 63 62 37 87 40 29 49 20 11
100 95 65 35 71 16 91 12 18 97 56 30 22 61
101 61 9 4 100 65 5 42 93 51 96 13 79 33 76 23 12 38 47 84 15
102 23 93 32 72 59 90 17 31 50 3
103 57 94 36 55 33 43 32 70 65 15 31 74 73 51
104 52 59 33 56 46 47 17 95 83 70 3 8 49 9 43
105 29 89 3 16 6 62 31 50 57 93 42 17 4 27 14 24
106 73 66 8 49 15 43 69 55 67 2
107 98 52 1 54 99 82 92 85 94 78 79 11 88 46 97 3
108 28 72 13 70 16 15 78 73 42 82 21 34 90 76 27
109 42 16 30 92 34 31 35 26 7 66 50 41 47 99
110 6 99 39 35 93 9 5 47 3 80 71 44
111 89 13 54 82 65 67 90 16 58 51 35 43 97 76 37 64 22
112 29 84 37 66 31 100 34 69 94 73 86 32 71 19 90 12 44 35
113 78 81 40 63 54 83 65 94 34 57 17 77 35
114 55 23 31 7 52 39 50 68 74 22 59 53 71 9 44 2 41 19 63
115 7 65 72 27 62 66 68 10 74 55 86 60 1 57 92 20 39
116 57 74 2 21 16 32 68 30 95 51 78
117 30 6 82 50 4 2 83 78 5 73 34 38 96 15 91 59 74 16 63 97
118 80 54 60 92 31 7 52 97 55 70 2 71 79 28 83 51 6
119 59 6 41 47 29 10 97 95 11 90 22 80 79
120 99 84 17 90 23 91 15 98 34 92 24 13
121 51 97 38 41 75 49 73 96 46 28 85
122 24 82 16 49 42 70 95 44 27 69 15 31 25 1 56 17 35
123 86 28 2 46 39 96 33 36 30 84 31 98 99 78 15 27
124 33 21 62 77 51 3 96 22 83 94 2
125 35 62 61 49 94 60 37 14 99 90
126 33 96 35 9 11 45 66 85 15 94 42
127 59 24 77 87 3 32 83 44 34 79 4 45 51 31 36 30 29
128 13 41 2 81 11 20 1 74 34 39 56 46 26 31 63
129 74 59 69 51 57 26 25 37 9 22 70 2 64
130 33 29 57 82 5 73 70 76 96 75 98 93 55 26 44
131 40 50 4 27 31 42 36 98 62 97 7 79 96 67
132 80 19 21 48 35 60 84 31 75 43 86 90
133 1 24 14 35 41 53 19 30 90 93 52 58 47 100 25 26
134 51 24 26 60 63 100 59 85 97 46 45 40 27 70 83 33 98
135 74 56 86 51 66 85 39 14 1 82 89 78 31 7 19 57
136 60 15 95 6 40 5 74 52 26 70 76
137 6 19 82 15 47 60 46 67 34 20 29 18 84
138 99 56 81 73 59 54 84 86 58 89
139 7 54 100 73 74 23 43 48 63 47 45 3 10
140 41 89 82 2 7 77 24 17 21 4 90 46 26 70 27 12
141 69 29 98 77 48 3 19 68 14 36 64 97 96 74 67 93 79 84 51 39
142 42 22 40 34 83 56 52 74 85 14 8 76
143 75 77 78 52 43 9 61 58 47 48 94 35 40 63 42 100 28 99 89
144 2 70 67 95 41 26 14 32 82 85 47 53 30 55 54
145 83 7 48 80 67 64 76 6 19 8
146 62 100 14 20 72 46 44 47 26 15 70 19 45 96 24 37
147 43 91 18 63 31 5 85 19 36 65
148 31 89 57 9 61 71 29 96 82 55 8 64 73 22 10
149 43 79 51 8 41 73 49 21 23 39 61 27 16
150 50 21 19 70 88 31 69 53 51 73 71 23 22
151 26 15 25 41 28 29 22 93 53 87 42 47 43 92 55 89 13
152 93 76 10 1 98 28 52 78 36 35 97 70 42 43 48
153 7 64 21 6 40 92 65 32 77 58 75 19 20 94 82 25 53 62 85
154 54 41 10 73 13 39 15 60 83 100
155 33 7 26 32 60 51 1 97 36 9 64 56 53
156 16 25 32 24 77 42 30 37 36 89 44 91 95 46 100
157 78 47 69 63 86 65 50 26 32 42 60 74 34 99 59 22 91 9
158 37 100 92 3 17 66 62 56 88 54 43 8 97 2 39
159 84 90 36 12 6 38 91 15 7 27 62
160 12 65 94 3 23 93 40 15 55 79 69 81 37 13 63 1 61
161 97 32 91 16 51 13 77 58 87 34 29 18 47 10 37 67 74 49 21 76
162 19 86 62 65 13 89 41 22 40 84 35 55 30 74
163 47 53 11 76 6 64 63 81 41 79 39 50 23 35 86
164 98 27 88 46 11 36 29 81 17 38 10 56 60 61 41 59 4 16
165 66 7 44 94 88 46 45 30 53 5 14
166 17 16 26 37 32 76 66 3 9 65 57 54 50 20 86
167 71 63 54 27 26 41 80 32 81 30 14 99 7 33 8 58 51 40
168 4 78 66 52 76 54 87 68 51 29 6 77 11 90 96 60 19 58 28
169 64 83 99 27 84 21 37 15 95 69 8
170 19 81 7 57 2 31 82 78 61 95 38 6 11 58
171 71 37 57 32 51 24 76 75 53 74 46 14 100 44 60
172 9 32 63 4 98 2 54 24 66 62 5 92 43 88 30 29
173 73 57 83 71 15 67 42 6 82 37 27 12 89 30 16
174 15 7 10 70 65 16 57 74 88 54 84 92 3 21 68
175 93 77 38 89 76 68 55 87 19 34
176 1 43 2 75 74 3 91 96 48 92 54
177 63 8 19 9 34 70 95 56 81 49 69 94 54 14
178 79 17 73 8 2 35 43 63 89 27 77 54 56
179 67 63 55 86 98 88 61 99 29 92 77 51 97 35 44 84 41 81 70 71
180 18 67 34 65 100 83 10 94 98 8 3 85 41
181 70 96 13 18 22 38 3 25 50 8 15 32
182 19 14 4 9 5 90 37 11 79 38
183 69 18 57 32 16 4 10 56 1 35 99 94 86 74 20 44 90
184 95 72 86 35 74 57 60 58 79 97 4 20
185 12 74 29 57 17 72 45 32 60 11 79 5
186 15 46 80 94 19 3 50 14 5 4 93 45 86 34 35
187 26 80 27 90 66 98 65 34 62 85 64 61 92
188 98 19 39 74 36 82 86 8 5 11 90 23 60 16 12 49
189 8 90 99 59 87 18 85 78 100 27
190 89 15 2 18 94 35 26 6 66 80 19 5 3
191 82 71 86 89 75 13 61 56 60 74 63 2 87
192 23 58 59 40 82 36 92 90 10 54 33 19 62 96 94 37 93 49 85
193 50 76 66 12 42 79 91 94 11 39 80 49 27 30 69 46 24 6 23
194 61 39 71 77 63 54 43 91 66 34 35 84 90 29 67
195 42 77 83 63 99 32 7 27 71 1 28 5 34 79 100 55 93
196 39 43 73 81 36 9 53 97 16 14
197 37 41 94 24 3 42 90 22 13 4 45 68 58
198 75 55 73 93 14 56 3 34 5 1 50 83 6
199 11 27 77 45 30 38 85 97 5 24 10 49 55 36 75 7 21
200 96 49 16 23 85 59 67 93 80 75 77 79 95
201 98 40 83 91 66 82 20 25 93 73 65 74
202 41 93 22 54 74 73 1 9 69 2 37 21
203 43 63 60 87 33 97 86 39 77 95 38 74 54 44 62 71 91 59 19
204 94 58 9 36 21 95 10 47 8 89 25 80 17 61 87 31 20 29 70 54
205 4 11 26 55 21 59 88 22 75 8 46
206 93 6 86 8 4 66 48 70 1 52 56 77 47 75 54 50 90 44 92
207 33 60 18 52 26 27 84 53 83 15 72 73 24 32 71 79 16 6 12 22
208 4 23 34 33 69 3 25 66 99 22 76 17 72 31
209 2 73 24 42 29 31 15 56 4 78 17 57 80 39 45
210 22 73 57 63 98 91 1 72 55 60
211 72 98 41 56 16 6 70 9 66 19 97 63 12 64 15
212 90 2 19 58 61 46 80 49 71 20 73 67 88 41 6 81 78 84 28 7
213 18 6 30 47 54 26 34 49 56 89 21 25 40 44 90 96
214 50 95 52 62 9 73 25 7 21 31 63 99 91 2 64 19 23 76 70
215 64 37 20 95 44 96 72 14 92 55 89 19 23 18 69 74 56
216 8 53 12 81 76 4 61 29 52 64 98 70 90 80
217 97 93 45 79 53 51 1 26 58 17 52 23 77 73 4 15 96
218 4 81 79 8 77 67 35 61 99 2 30 37 36 48 66
219 67 91 3 53 8 58 77 48 66 5 30 11 16 17 40 7 88 57 98
220 73 42 40 29 22 96 17 99 67 25 36 43 63
221 54 14 1 58 100 81 50 7 27 86 72 37 62 57 99
222 8 43 94 32 21 96 5 29 2 25 34 22 89 7 64 49 58
223 72 28 98 20 2 84 96 9 82 37 74 5 60 44 58 51 62 26 38
224 10 17 54 65 5 18 77 95 41 87 20 48 56 83 9 90
225 83 49 42 2 64 53 89 23 32 22
226 12 80 77 46 76 3 89 32 79 74
227 67 5 62 63 57 35 93 69 38 40 99
228 83 84 27 9 6 59 34 20 78 61
229 56 83 41 30 9 38 28 35 34 62 73 61 72 18 44 14 17 74
230 75 3 53 57 16 89 44 21 30 38 7 62
231 97 93 95 72 89 36 13 67 2 38 92 20 40 49 29 57 48 94
232 68 62 97 19 99 30 37 88 44 91 33 11
233 4 15 14 58 47 88 55 97 51 28 67 98 77 3 69 62
234 72 71 92 95 61 17 57 64 33 86 31 60 5 87
235 38 6 93 41 62 16 52 96 91 88 92 28 78 15 4
236 66 53 47 7 31 18 39 29 57 82 4 83 58 50 86 99 10 2 6 38
237 71 61 5 78 79 29 87 73 50 98 95 51 64
238 93 33 24 57 51 60 92 85 79 7 27 94 82 80 5
239 51 8 72 81 67 58 35 55 6 89
240 36 61 59 17 62 43 95 28 20 10 50
241 62 7 63 41 71 66 91 9 45 99
242 72 73 1 19 70 31 32 100 51 9 25 65 15 98 22 90 54 38
243 84 57 38 12 78 65 75 2 60 34
244 43 99 38 19 27 29 50 70 95 79 55 65 63 37 24
245 78 40 36 60 69 9 29 45 93 68 19 100 44 66 1 90 23
246 60 58 59 73 12 87 5 42 9 86 61 52 13 27
247 30 97 31 98 95 42 85 24 86 48 92 16 43 68 19 75
248 15 88 90 64 69 22 11 84 30 4 65 96 38 99 52 10 87 58
249 18 33 53 58 93 37 35 30 89 83 96 24 32 46
250 59 30 76 49 33 16 54 15 39 89 18 38 73
251 63 87 9 84 86 60 31 18 21 54 100 98 39 2 55 97 49 89 15 91
252 36 12 11 10 39 29 70 13 84 75 14 54 100 78 32 20 48 5 93
253 46 27 77 71 88 89 18 6 61 96 41 63 54 42 72 95 80
254 53 17 78 56 100 38 72 27 36 59 19
255 71 12 54 28 25 39 45 44 40 6 70 17 81 66 38
256 45 1 16 30 18 2 60 41 67 93 42 17 31 97 72 32 12 9 50 24
257 84 58 73 42 37 10 77 72 60 69 76
258 37 45 66 39 98 23 35 14 59 13 42 16
259 45 67 74 58 60 53 44 31 18 84 78 34 32 33 47 27
260 61 19 69 12 78 26 30 36 92 93 59 58 76 74 10 96 82
261 25 24 61 29 59 3 37 86 10 81 54 67 35
262 80 64 24 77 68 100 14 42 53 3
263 83 72 13 85 49 71 75 8 47 70 41 94
264 89 23 33 65 74 4 78 71 3 13 60 70 80 9 56
265 94 83 31 26 24 95 6 50 64 58 25 53
266 96 43 97 3 11 54 17 45 25 82 76 31 44 14 12
267 24 78 8 41 73 17 92 62 10 40 53 43 75 69
268 88 14 31 32 81 28 39 46 54 64 97 67 72 33 38 74 75
269 5 76 22 20 45 85 43 32 59 48 68 50 70 60 36 53 77 14 72
270 45 50 23 86 77 7 29 75 46 60
271 4 56 51 6 49 68 76 55 21 94 53 47 13
272 85 55 47 21 4 97 36 96 60 31 62 29 11 54 45 33 35 34 17 86
273 97 10 41 79 94 82 13 15 22 43 50 72 84 86 99 33 59 4 12
274 69 28 78 21 33 88 40 43 51 8 9 18 87 2 92 3
275 32 78 53 23 1 44 72 42 57 39 93 69 36 86 76 17 30 16 24 29
276 93 64 65 18 99 76 23 48 36 89 41 92 61 50
277 58 52 64 62 88 91 30 2 26 73 75 15 53 44 69 45 86 56 70
278 88 73 90 22 56 49 19 59 55 40 93 98 20 6 8 9 23 11 2 30
279 60 29 69 76 94 26 67 58 62 64 86 49 32
280 12 29 86 18 40 69 17 45 89 46 7 80 53 14 23 15 2 83
281 44 70 39 73 36 87 17 23 27 95 69 55 31 10
282 11 20 99 38 86 27 19 96 15 46 94 57 67 100
283 33 55 6 81 9 53 36 18 96 34 69 20 84
284 30 97 70 13 11 28 75 66 69 34 21 76 82 68 38 94 43 79
285 63 15 88 46 6 30 92 17 31 57 36 34 59 94 77 64 91
286 96 93 82 90 1 50 71 23 89 70 38 72
287 68 92 12 91 70 59 37 30 49 4 78 73 22 83 43 84 20
288 25 84 55 22 14 43 13 79 74 90 28
289 66 93 35 28 99 58 14 30 63 73
290 68 25 96 48 67 31 27 46 11 64 53 52 12 42 88
291 37 60 9 52 48 59 22 20 98 15 43 73 4 92 63 39 8
292 63 87 49 67 35 1 38 6 64 93 98
293 32 78 84 61 73 79 38 99 15 27 9 69 95 98 57
294 9 65 83 100 20 54 23 31 48 12 80 61 43 77 3 14 22 34
295 50 57 34 35 52 45 27 77 90 22 2 91 9 58 98 60
296 45 46 70 76 75 81 3 29 21 85 83 93 40 35 41 90
297 47 90 77 86 81 57 12 67 85 100 80 79 8 40 31 55
298 23 95 93 12 1 77 44 11 62 54 27 29 6 47 76 55 14
299 24 97 40 67 32 13 8 9 88 93
300 26 96 73 97 25 99 39 75 36 64 54 37 28 79 53 27 70 38 21 69
301 65 81 82 11 4 76 39 86 84 44 71 63 90
302 46 74 97 25 37 7 35 38 95 34 22
303 76 5 85 83 7 95 10 77 48 60 92 93 73 71 69 2 23 51 28 80
304 52 64 19 68 47 25 14 21 13 35 31 23 42 92 99 80
305 73 18 14 65 77 91 52 41 92 3 40 76 27 37 86 11 32 5
306 45 93 71 19 91 83 51 50 100 42 81 2 58 78
307 20 65 43 8 32 53 89 79 68 17
308 60 32 45 36 14 97 96 20 66 7 74 77 47 29 38 17 93
309 62 11 69 21 47 94 49 71 16 40 82 65
310 73 62 97 81 84 9 95 11 52 12 2 71 25 14 83 37 60
311 44 97 82 23 59 88 65 41 100 11
312 33 50 26 3 62 99 55 24 42 52 5 41 87 85 90 2 35 40 20
313 89 60 79 65 99 22 85 30 17 14 76 82 27 20 55 88 6
314 51 50 98 13 32 92 3 15 39 19 23 56 78 61 24 49 35 93
315 92 9 49 74 62 33 11 17 13 3 1 37 72 77 32 5 48 99 28
316 66 22 74 67 46 86 13 20 33 58 8 38 84 64
317 72 12 82 75 6 27 80 58 59 5 67 31 87 70 13 81 33
318 14 93 35 63 51 12 43 55 8 52 53 68 77 4 61 90 40 1 22 73
319 81 95 18 51 71 64 41 84 60 9 47 83 67 28 94 49
320 15 74 14 71 23 58 34 31 66 87
321 40 47 68 79 88 6 4 34 30 25 67 41 52
322 32 14 23 90 17 94 15 57 20 21
323 10 1 34 35 7 22 42 61 65 58 36 24 49 70 63 31 12 19 97
324 69 35 79 32 44 82 90 5 100 94 31 98 27 46 16 71 33 39 68
325 23 89 14 59 12 68 9 72 79 87 65 24 98 56 73
326 81 5 72 100 74 14 64 94 77 23 38 57 78 39 8 42
327 79 50 87 96 32 21 74 29 77 9 98 66 5 47 97
328 3 89 63 17 47 94 93 6 53 52 79 16
329 12 54 75 64 52 94 43 42 70 84 83 19 41 97
330 30 90 15 48 14 46 42 2 57 37 62 63 56 96 73 85 68 25
331 23 43 84 32 87 17 62 12 10 70 6 14 94 57 50
332 68 82 18 52 70 95 90 79 99 27 13 87 23 60 6 8
333 38 76 94 16 74 73 47 12 79 43 46 44 48 4 65 40
334 6 72 86 95 84 5 53 41 35 47 30 73 93
335 28 52 21 56 67 70 92 27 64 43 79 36 3 86 98 53 17 94 40 9
336 46 29 35 96 49 50 55 36 37 88 80 65 100 82 2 14 67 53 70
337 77 57 40 11 36 20 97 38 56 31
338 46 63 23 20 70 41 60 12 87 69 86 32 17 75
339 94 75 49 76 66 8 15 81 20 12 34 38 91
340 36 48 50 97 73 63 34 1 70 87 17
341 1 9 37 40 63 17 43 32 53 78 75 94 91 73 49 83 100 19 10 66
342 4 34 5 48 54 26 85 18 78 27 72 16
343 33 2 11 78 60 14 67 31 23 24 28 87 66 5
344 86 16 69 63 28 98 48 97 68 92 56 77 85 43 9 15 1 52 46
345 73 34 88 58 35 24 40 22 99 36 5 64 30 52
346 9 96 60 89 28 35 67 44 32 93 82
347 3 17 61 91 21 14 50 76 68 78
348 97 86 74 61 72 31 87 53 28 82
349 25 26 51 45 79 13 91 42 23 67 53 81 31 41 52
350 25 92 49 8 90 58 61 29 10 78 46 56
351 54 30 14 32 77 69 70 19 36 93 33 100 47 87 31 76
352 91 92 98 55 93 21 50 65 39 18 42 26 54 31
353 11 37 12 30 7 20 74 38 87 86 29 32 28
354 7 87 77 69 72 82 70 1 85 21 22 54 14 6 36 84
355 59 93 47 23 77 66 24 92 99 28 16 6 68 74 86 83 39
356 74 48 44 65 42 11 27 18 53 77 57 63 62
357 88 31 3 49 59 23 79 22 80 48 74 54 63 41 34 83 37 20 18
358 71 82 99 9 8 78 41 74 56 96 11 54 13 66
359 27 96 11 64 7 18 33 65 63 69 98 84 60 79 51
360 48 80 35 21 34 43 71 75 42 15 46 58 54 86 62 6 8 50
361 52 44 94 60 97 65 15 42 58 68 62 63 26 35 13 61 19 23 92
362 46 94 8 9 79 39 42 14 28 35 87 63 44 37 13 17
363 78 12 87 99 75 44 24 41 92 38 39 8 6
364 10 65 24 58 98 67 38 17 50 12 35 7 75 51 21 13 64
365 5 87 23 97 48 64 78 56 85 99 86 58 47
366 83 24 57 84 40 77 94 50 71 46
367 65 2 85 91 54 73 44 37 12 83 18 72 76 92
368 33 61 60 48 4 67 13 79 43 93 100
369 48 81 100 27 6 61 74 69 84 98 44 93 43 18 94
370 8 71 30 86 25 56 6 78 48 14 13 36 89 90 81 12 74 16 40 29
371 11 34 79 69 59 2 93 42 52 61 96 87
372 61 33 19 38 36 12 40 68 100 42 31 16 92
373 74 45 1 89 46 8 78 3 21 62 12 15 39 48 38 94
374 9 82 57 96 55 22 48 21 17 11 25 67 30 86
375 53 56 27 46 95 78 47 29 51 54
376 72 48 30 92 89 49 22 62 11 25 85 46 90 76 94 40 74 5 27
377 8 50 100 69 59 62 92 57 73 28 88 12 20 53 75 41 7 31 95
378 39 8 93 85 61 81 13 62 64 66
379 22 60 2 53 25 59 95 87 43 37 21 44 26 1 92
380 61 96 53 45 60 30 66 55 100 74
381 17 68 51 1 29 64 97 18 50 59
382 59 58 9 45 15 43 1 35 42 60 97 62 83 49 51 17 20
383 90 87 98 73 92 55 48 9 68 11 79 39 78 12
384 76 37 34 5 91 97 59 6 11 80
385 26 49 87 41 100 14 61 28 84 39 11 52
386 1 35 70 47 40 21 65 71 20 8 62 96 32 69
387 74 56 22 82 9 51 75 98 34 62 93 64 88 12 8 31 83 53 24
388 49 6 48 38 24 75 83 79 84 97
389 87 63 13 93 81 1 92 21 31 20 49 57 52 44 100 55 85 32 68
390 47 76 13 88 63 49 75 50 27 71 57 73 45 64
391 53 82 48 64 94 72 66 87 9 10 21 69 65 27 6 39 36
392 71 20 9 30 18 41 16 59 23 93 15 62 2 48 19 100
393 23 10 29 12 80 6 85 49 59 13 26 60 57
394 73 29 85 50 33 42 11 20 100 76 64
395 38 61 21 74 2 87 20 40 89 88 33 12 68 45
396 39 18 11 4 49 88 37 90 15 58
397 10 20 82 48 70 41 39 79 44 77 59
398 98 3 30 25 47 89 88 57 67 79 63 68 12 6 10 97 76 80 34
399 59 63 62 24 32 44 80 38 87 92
400 78 65 93 46 25 37 95 16 45 22
401 32 59 84 64 66 61 68 16 22 26 7 25 19 43 45 8 39 100 40
402 7 61 84 82 94 86 77 23 64 46 57 93 10 47 100 91
403 91 64 22 89 21 46 60 87 86 28 61 99 65 10 63 67 37 27
404 91 76 44 33 48 2 7 8 98 31 78 83
405 64 21 42 17 33 59 81 16 12 37 63 26 52 54 18 19 65
406 95 78 36 70 1 25 60 96 48 10 39 85 4 17 6 90 21 47 64
407 7 83 53 88 98 97 93 39 58 15
408 75 14 1 46 84 6 82 100 60 19 36 86
409 89 76 100 59 6 45 25 16 79 61 13 21 50 67 47 64 55 17 37
410 9 98 63 22 21 40 67 16 25 75 93 97 5 4 92 35 44
411 51 36 78 88 74 11 95 85 87 17 43 48 57
412 42 58 100 59 25 1 85 5 55 91 24 7 38
413 29 36 48 78 73 74 16 20 72 8 50 18 4 71 34 49 27 87 60
414 76 60 65 51 55 2 40 89 20 46
415 86 7 21 74 80 58 73 39 15 90 96 47 55 9 67 49 2
416 1 89 63 51 68 45 25 16 4 39 58 30 59
417 59 89 69 81 70 21 78 14 30 77 18 64 6 50 5 67
418 67 19 36 10 43 57 2 55 82 69 9 60 8 72 4 94 70
419 62 28 33 54 59 16 38 83 68 94 85 27 8 96
420 24 92 100 19 64 61 21 70 52 56 38 57
421 2 6 75 79 77 88 13 26 27 12 18 7 100 57 42 11
422 11 88 47 68 7 76 77 67 52 96 14 44
423 65 47 7 4 21 33 28 86 91 44 18 30 6 49 72 22
424 45 59 36 68 14 25 15 88 98 37 28 94 4 1 95 91 47
425 2 26 40 37 29 74 56 100 75 67
426 52 45 25 32 95 46 20 12 5 77 48 9 81 65 37 2 63
427 7 12 99 52 3 64 2 74 51 22 19 10 14 21
428 18 8 67 6 58 79 91 26 13 72 55 92 98
429 7 98 91 88 43 86 32 23 46 24 85 68 38
430 39 37 43 14 75 31 93 52 49 28
431 73 48 60 75 83 46 53 69 89 12 93 50 71 68 23 61
432 79 45 34 97 73 43 35 95 80 2 72 65 89 6
433 81 15 20 76 99 67 22 59 100 17 73 92 83 69 58 44 55 45 95 46
434 91 69 17 100 95 1 12 66 99 40 28 50
435 92 6 96 67 77 93 17 23 18 61 24 29 38 75 76 2 47
436 66 31 46 75 45 34 81 6 59 37 94 56 89 68 71 7 2 50
437 49 67 9 53 74 68 99 73 39 76 43 65 3 50 78 31 97 20 33
438 80 46 65 63 51 76 95 75 56 52 77 54 21 11 90
439 59 73 33 11 19 48 7 31 36 47 30 64 53 6 78 80 5
440 5 54 66 89 37 22 36 84 41 23
441 52 12 87 13 23 40 96 22 50 67 93
442 67 45 2 64 74 96 87 22 15 77 52 56 40
443 72 25 60 32 77 61 87 93 41 51 76 6 44 92 94
444 32 73 85 12 84 30 71 69 61 28 96
445 47 7 35 20 61 38 32 17 11 89 94 58 62 98 96
446 17 85 98 34 22 72 35 11 70 40 45 60 4 97 15 18 36 82 23
447 84 7 25 72 76 77 3 14 94 87 96 97 10 99 65 20 6 100 71
448 27 60 25 1 75 70 12 10 58 68 36 41 90 37 66
449 95 22 7 76 37 55 53 92 40 71
450 37 58 15 93 56 19 12 90 42 74 25 26 18 73 13 57 63 49 67
451 77 92 97 37 38 32 45 18 84 54 33
452 83 29 70 22 38 45 1 81 63 9
453 58 78 64 92 65 41 66 71 47 93 34 83 31 1 90 30 23 35 20 26
454 41 15 33 90 5 48 43 52 34 1 81 2 37 65 19 36
455 86 92 45 28 32 91 12 61 98 24 64 13 34 17 20
456 78 77 83 19 98 80 96 75 100 42 76 49 97 30 16 1 27 36 66
457 97 11 3 96 79 47 5 86 62 88 94 35 93 22
458 2 75 92 17 84 16 77 69 50 11 39 21 13 68 64 65 89 5 34
459 5 11 87 13 84 16 61 17 25 30 86 24 60 97 3 20 32 70 89
460 26 10 13 32 31 81 58 35 20 28 66 36 7 77
461 60 70 80 89 41 25 21 44 53 57 98 29 85 23 74
462 58 29 86 17 60 22 21 45 74 72 68 11 15 46 37 13 28 23 69
463 96 37 98 79 31 99 72 22 53 67 85 20
464 91 92 49 76 45 97 86 30 77 2 88 63 38 82 58 40 26 84 4
465 28 91 75 53 1 56 92 31 39 99 89 66 54 19 18 87 10
466 94 29 21 23 65 57 97 35 52 68 45 7 74 30 20 22 51
467 19 100 52 79 34 44 65 36 73 69 97 2 27 22 35 64
468 25 27 63 45 16 36 17 62 13 91
469 87 69 91 83 11 42 89 47 27 72 81 9 60 36 67
470 78 29 71 82 53 39 14 59 5 31 91 68 23 46
471 23 69 5 68 75 59 27 24 99 60
472 68 88 99 90 89 63 57 48 41 12 61 30 21 43 42
473 76 57 67 83 64 52 39 94 40 43 56 47 99 2 72 98 35 15 89 45
474 78 51 47 61 86 36 20 46 54 57 5 48 73 7
475 64 17 99 39 93 26 27 53 3 59 65 12 84 86 21 45 83 92
476 99 81 26 4 24 42 89 59 67 77 9 1 22
477 92 25 64 67 68 1 80 41 14 5 42 11 79 78
478 51 32 23 76 83 18 97 64 6 40 47 82 69 19 95 53 92 56
479 1 77 57 93 29 100 82 53 85 14 19
480 1 21 3 63 2 16 90 14 43 70
481 33 22 87 52 64 28 86 58 41 81 21 40
482 2 51 61 29 77 17 34 97 64 71 42 45 33 56 73 60 69 4
483 71 53 48 88 90 19 18 77 26 44 33 38
484 45 17 5 20 40 54 28 30 12 52 59 64 90 68 37 86 97 24 47 3
485 61 19 68 47 96 63 76 20 78 24 92 74 80
486 10 52 61 92 60 37 3 72 42 57 89 8 94 45 81 9
487 94 83 40 56 16 76 43 54 97 86 60 66 46 85 88 71 50 92 52
488 79 76 90 43 69 19 61 8 30 72 3 58 54 99 53 1
489 43 60 37 33 19 3 100 81 25 76 96 47 5
490 19 33 98 72 34 81 96 17 68 21 71 18 61 22 66 35 62 86 85 23
491 2 37 91 45 10 31 28 21 34 100 88 75 85 61 69 81 6
492 38 64 23 59 88 40 42 30 75 12 70 80 20 71 89 44 16 95 6
493 46 5 74 72 41 2 92 60 16 55 65 96 39 10 34 93 56 43
494 58 10 37 49 61 78 26 8 13 92 81 96 38 33 93 91
495 4 54 85 81 47 19 93 8 44 17
496 25 29 86 6 61 11 63 10 53 67 46 26 23
497 71 61 80 40 18 35 70 85 44 90 60
498 65 46 58 95 31 83 9 15 60 55
499 15 32 64 50 18 53 90 13 49 99
500 40 66 24 67 47 50 92 54 63 73 13
501 46 3 56 83 52 36 30 87 9 70 42 8 32 99 10 38 86 92
502 99 70 38 6 80 50 48 5 83 16 97 22 78
503 22 85 84 55 15 10 63 9 92 67 46 47 83 48
504 8 6 74 84 86 32 50 78 82 58 53 33 99
505 79 39 27 26 95 2 74 1 91 88 20 18 76
506 48 20 29 9 80 60 28 2 71 8 31 83 43 19
507 62 48 72 16 63 97 75 32 23 52 55 67 19 98 74 64 69
508 27 70 31 28 25 9 59 36 91 43 19 32 64 13 87 69 1 76 12
509 28 35 34 55 13 14 18 50 100 81 72
510 41 75 71 78 67 3 10 88 66 9
511 64 30 48 6 62 7 72 59 35 13 11 19 52
512 70 93 83 65 80 4 48 52 3 69 71 34 63 91 6 35 41
513 75 9 4 92 64 8 19 3 78 22 11 63 76 35 34 93
514 33 91 24 57 30 31 53 80 7 48
515 35 25 49 29 85 17 32 1 45 66 62 20 21 50
516 52 50 21 24 7 61 88 83 77 37 15 65 89 69 42 17 85 57 55 49
517 92 51 34 36 87 24 11 47 38 99 35
518 96 59 40 24 89 11 2 61 48 49 53 26 91 10 70 50 62 12
519 82 83 44 80 88 29 23 6 25 43 68 75 65 26 36
520 7 86 30 65 35 47 20 84 96 21 99 78 63 16 88 36 75 71 31
521 55 33 11 49 63 56 3 50 68 26 2 4
522 41 72 10 1 78 68 83 69 29 13 18 3 27 48 43 19 37 8 17
523 68 94 96 11 2 12 67 92 31 97 16 87 71 36 23 43 72 59
524 97 94 35 29 61 48 79 32 15 46 8 53 71 22
525 76 21 64 80 93 46 43 60 14 81 72 95 7 58
526 24 12 71 33 52 77 100 50 72 3 59 28 91 60 70
527 89 79 13 52 28 6 60 2 91 57 4 58 19 49 97 83 98 80 100 9
528 67 63 57 15 97 82 22 59 69 25 68 16 29 31 3
529 32 51 54 58 62 38 53 82 8 67 27 85 71 99 6 37
530 48 23 50 62 44 66 15 49 78 79 83 54 76 97 21 41 26 19 29
531 20 66 62 30 72 59 79 69 84 22
532 5 91 15 4 66 83 60 71 17 72 46 8
533 51 27 95 80 16 29 97 90 74 30 11 98 3 37 7 76 84 69
534 63 23 2 3 59 86 62 1 88 24
535 85 83 34 64 33 79 8 10 89 57 21 81 1 22
536 43 94 63 78 9 91 38 79 13 54
537 5 2 55 29 81 94 66 31 68 26 86 60 10 67 25 13
538 66 56 59 99 97 16 94 52 93 43 35 60 55 98
539 54 36 28 98 79 61 85 66 2 18 34 57 33
540 30 61 56 84 43 7 58 81 94 74 90 91
541 31 70 45 37 27 22 55 29 63 79 5 15 69 19 82 49 50 58 94 14
542 25 27 68 10 61 39 98 55 42 12 93
543 63 75 81 66 78 2 55 68 74 70 36
544 46 63 81 35 53 45 88 61 75 74 62 44 14 31 94
545 68 48 14 90 27 74 26 5 61 21 41 29 15 25 96 58 94 4
546 70 80 68 48 73 34 79 93 46 84 97
547 65 23 45 52 61 82 93 31 19 91 58
548 65 90 50 27 37 75 88 22 15 79 53 46
549 88 78 77 48 47 66 4 19 86 85 8 3 25 28
550 94 21 68 48 78 66 24 62 20 45 89 74 25 54 41
551 27 33 34 13 96 16 86 90 52 99 62 15 93
552 25 83 48 85 74 94 100 27 67 19 5 6 26 50 37 49
553 75 100 29 46 72 91 56 58 89 36 73 28 85 74 51 53 12 62
554 81 76 38 85 52 54 24 82 32 14 99 30 19 59 12 60 61
555 92 30 4 8 79 87 35 73 13 51
556 68 89 97 14 38 20 3 19 85 71 25 48 62 66 96 37 31 46
557 89 35 83 54 96 11 29 26 25 23 82 17 90 58 28
558 8 4 23 21 100 63 76 67 71 62 69 89 39 74 31 68 80
559 35 45 48 80 79 24 97 30 13 37
560 76 42 83 23 87 16 90 79 58 52 7
561 86 38 46 65 50 16 85 92 52 55 87 80 30 27 2 29 78 100 15
562 1 66 83 8 13 100 11 81 80 36 74 37 2 77 29 64 18
563 72 31 33 67 36 32 56 17 51 70
564 50 21 96 39 5 4 76 1 13 40 81 34 28 88 91 53 45 25 16 31
565 65 92 35 64 99 59 67 31 54 22 83 1 14 89 43 77 47 71 19 2
566 65 51 86 26 84 88 74 56 37 47 28 78 66
567 99 1 47 25 10 65 97 16 27 73 71 57 93 39
568 30 70 49 64 68 47 61 13 11 98 83
569 77 5 65 14 13 87 2 81 60 95 46 8 42 36 57 1
570 74 46 17 48 10 68 66 38 97 83 24 63 51
571 56 22 100 95 93 33 24 37 3 74 40 86 85 50 23 18 49
572 53 63 43 62 93 42 31 72 96 23 66 2 41 3
573 44 38 52 8 10 64 27 72 77 80 3 26 59 32 37 92 21 14 61
574 91 29 21 7 60 26 74 63 93 71 61 86 89 43
575 84 10 3 23 70 100 60 69 11 1 33 38
576 33 45 23 35 62 57 84 79 22 95 44 20 8 10 92 90 1 46 48 53
577 36 3 50 29 9 32 57 71 23 75 18 93 26 8 4 47
578 22 16 26 31 37 5 76 30 54 19 62 34 68 63 18
579 65 64 8 90 96 59 24 88 25 26 51 87
580 82 38 67 77 45 46 10 44 5 59 40
581 38 86 18 30 99 8 19 35 10 75 1 67 50 64 85 23 87 29
582 32 6 47 20 23 19 39 59 67 77 28 94 22 41
583 4 16 57 93 94 48 21 37 18 41 22 56 95 20 14 85 80 100 7
584 87 23 66 50 16 72 71 81 77 40
585 37 75 40 55 19 10 59 88 64 91 52 99 94 80
586 100 32 12 23 37 45 20 8 30 2 66 56 48 58 28 89 97 65
587 39 26 28 50 21 10 59 73 40 74 92 17 3 63 91 18 16
588 38 94 75 86 7 84 90 67 3 36 13 51 60 50 81 52
589 59 48 50 10 78 44 11 17 87 1 83 98 53 88 39 22 71 26 100 45
590 88 52 76 27 25 23 56 66 78 44 64 17 58 93 75 41 80 49
591 54 4 60 10 88 38 28 14 85 83 80 17
592 29 68 85 18 88 2 42 10 61 36 26 75 46 87 38 90 4 98 81 43
593 13 79 83 39 41 52 90 94 97 9 100 28 8 25 23 60
594 39 42 85 59 15 80 25 22 18 3 72 47 61 84 56 27 8 76
595 1 96 20 16 33 70 57 45 72 50 76 63 48 9 30
596 87 96 90 26 12 88 73 20 3 50 82
597 63 43 55 95 17 34 33 11 37 5
598 6 38 57 42 41 43 83 89 39 25 92 44 47
599 38 80 12 58 20 69 90 13 16 64 41 53 19 68 67 75
600 17 38 27 30 13 99 61 59 66 2 95 28 34 67
601 5 91 26 19 9 84 99 15 27 98 57 90 64 55 34
602 78 63 66 69 24 71 90 92 30 41 3 88 53 74
603 89 57 69 38 79 21 81 72 11 37
604 49 33 53 36 40 62 77 44 94 90 39
605 24 50 53 5 12 3 29 22 65 26 37 58 70 28 85
606 68 10 3 38 74 69 47 28 44 71 60 45 51 73 49 87 56 62 54
607 7 49 93 81 50 63 23 32 5 30 98 10 80 94 64 28 69
608 27 80 60 77 54 47 38 92 61 66 26 43 86 29 30 16 73 45 12 24
609 46 31 72 91 61 32 94 17 49 29 13 89 71 75 26 78 5 79
610 22 74 92 93 81 27 20 15 17 51 99 56 85 3 28 14 13 83 38
611 84 92 60 50 59 47 29 15 70 93 27 52
612 1 44 79 11 10 60 45 43 100 67
613 31 72 45 35 91 42 58 98 28 86 13 99
614 43 90 96 45 3 59 69 58 26 70 61 15 18 84 48 98
615 50 13 95 29 36 31 33 96 4 8 71 57 61 65 58 100 73 38 24 84
616 60 20 87 9 32 41 92 99 5 82 72 81 79
617 12 57 13 42 34 100 86 30 20 26 89
618 43 5 77 27 73 13 25 64 33 31 4 82 20 38 53
619 30 2 94 90 55 17 5 25 34 10
620 78 92 76 60 12 33 88 86 37 48 65 36 68 91 89 52 67 13
621 88 41 53 100 76 30 97 36 81 75 33 31
622 34 4 26 67 63 99 62 1 14 86 95 72
623 46 36 57 96 84 25 11 86 20 32 15 99 90 52 51 95 6 85
624 55 71 98 99 1 15 43 100 73 53 76 58 39 56 29
625 14 84 36 99 64 46 25 10 63 58 18 43 77 1 24 53 97 35 50
626 37 47 90 48 41 81 87 54 36 83 76 91 94 33
627 94 20 30 1 11 6 62 38 88 39 55
628 16 4 39 76 21 100 73 33 43 51 98 87 83 71 85
629 51 67 20 42 56 31 19 44 43 7 46 95 54 75 59 83 72 91
630 86 21 65 73 7 17 44 38 41 56 20 95 85 12
631 11 8 96 50 69 77 20 85 40 95 66 56 22 63 82 92
632 2 50 100 11 55 99 56 19 77 94 51
633 14 65 29 13 17 5 53 57 38 74 68 20
634 96 61 74 30 54 75 23 40 56 55 26 17
635 97 87 46 30 89 69 49 98 80 24 67 18 79 93 61 27 12 31 100
636 73 6 44 26 48 4 36 27 78 47 61 55 81 69 42 62 67
637 60 77 100 78 4 86 42 23 53 70 30 40 94
638 37 63 70 66 78 73 56 21 51 67 25 71 53 55 95 64 99 65 83
639 78 69 60 27 87 6 1 99 51 56 74 88 45 8 71 35 58 66
640 20 88 15 36 30 97 84 60 86 21 28 39 16 38
641 22 16 88 62 46 9 6 11 4 69 31
642 29 20 69 7 44 61 26 46 47 60 42 27 88 55 19 90 49 15 48
643 56 10 43 80 41 98 99 59 35 36 33
644 2 59 21 84 60 47 57 48 20 45 40 80 75 96 95 34 28
645 75 65 31 33 51 59 15 81 79 90 86 91 7 27 58 38 60 85 70 36
646 1 24 27 47 82 15 64 40 4 71 61
647 3 65 82 78 53 41 37 62 20 56
648 61 26 54 73 33 52 64 72 13 97 88 37 63 15 43 32 66 36 93 85
649 80 73 87 85 97 67 30 46 92 59
650 56 47 18 31 14 68 7 87 46 41 57 10 4 67
651 24 79 45 67 42 34 4 2 93 30 61 76 17 96 85
652 9 31 54 57 93 11 48 21 92 26 36 22 17
653 19 43 67 68 99 30 26 2 51 65 6 14 80 69 42 52 18 13 50 41
654 48 83 33 3 86 68 62 15 30 79 12 55
655 63 49 74 38 44 97 24 99 6 46 59 67 23 89 28
656 7 61 55 46 10 93 86 87 51 12 24 89 53 9 17 94 72 13 16 74
657 22 92 9 47 34 2 85 32 56 18 7 60 98 58 73 41 48 5
658 32 76 47 26 43 81 17 69 14 5 51 98 8
659 31 16 50 49 26 96 10 12 73 62 19 33 45 55 32 65 63 92 90 66
660 56 24 96 83 21 57 16 65 54 58 14 18 90 12
661 3 40 83 51 75 96 97 81 31 17 85 18 7 76 88 100 43
662 65 58 79 98 39 33 93 45 15 99 48 30 94 31 37 4 64 52 61
663 74 91 62 7 12 1 98 47 44 33 94
664 42 21 60 9 99 66 36 29 62 68 100 55 79
665 17 56 12 44 31 92 80 16 39 99 4 33 54 21 96 34 58 72
666 38 29 51 67 73 40 21 93 91 60 95 32 36 88 64 86
667 72 54 90 12 65 42 41 45 21 34 23 40 33
668 94 46 90 35 20 98 37 93 47 70 78 68 8 7 44
669 92 90 77 70 67 6 73 72 66 98 17 30 5
670 50 39 40 5 28 80 9 71 56 68 74 100 98 47 77 57 23 21 78
671 66 56 46 72 51 49 69 79 89 91
672 9 7 72 82 74 36 15 1 37 3 59 13 50 51 99 12 18 23 28
673 59 39 51 24 45 62 44 94 74 31 11
674 26 92 42 34 36 18 44 52 6 8 1 91 35
675 56 76 22 57 70 58 61 68 24 89 92 40 52 30 29 34
676 80 53 97 46 28 82 98 75 95 29 10 83 59 66 36
677 100 67 38 82 32 22 16 12 40 59 17 4 62 99 30 24
678 78 59 76 19 36 4 30 56 6 46 38 53 60 18 84 9 97 14
679 47 65 38 48 66 31 84 46 79 11
680 15 8 71 61 85 86 35 11 98 4 81 25 47 1 73 56 34 40 26 74
681 22 29 34 78 4 37 88 27 99 39
682 49 58 54 2 25 72 30 66 93 44
683 28 55 96 24 15 66 16 82 1 30 49 71 60 75 44 19 69 22 88
684 13 65 84 11 81 70 29 95 46 42 87 20 96 14
685 91 26 86 72 87 23 2 100 59 75
686 3 68 61 81 66 29 60 17 42 76 8 50 75 54 55 39 20 99
687 44 99 94 1 47 26 55 89 100 12 80 8 21 39 98 18 63 43 87
688 32 24 76 60 63 42 57 38 44 17 71 97 56 62 11 50
689 23 30 91 8 65 32 60 89 6 88
690 12 78 91 39 35 56 48 74 41 22
691 96 98 40 31 46 37 70 87 76 19 82
692 48 33 45 37 42 29 23 65 47 62 54 36 75 25 6 38 44
693 65 23 97 33 18 49 61 85 80 94 20 79 54 6
694 81 99 70 94 62 93 17 92 44 3 1 79 42 84 77 31 43 58
695 83 73 39 33 29 50 58 13 93 28 45 43 95
696 70 72 98 32 4 61 57 60 46 79 100 29 23 27 35
697 10 99 4 88 57 74 14 5 32 34 66 20 77 67 82 29 21 61
698 98 9 36 43 72 17 29 6 53 79 19 32 37 87 74 56 34 71 58
699 66 6 47 8 59 22 45 89 48 28 13 3 39 65 52 23
700 6 68 14 87 78 97 31 66 70 99 18 93
701 78 44 95 26 6 22 25 46 71 92 33 15 61 35 56 51 19 9 29 55
702 73 9 55 34 39 77 93 67 27 97 95 96 22 68
703 2 55 45 81 34 82 38 42 39 90 30 44 17 7 46 56
704 84 98 64 70 53 32 71 41 26 88 3 92 46 66 25
705 59 35 83 99 100 32 91 69 1 76 55 29 71 37 78 20 10 98 95
706 4 55 37 44 92 57 73 64 35 74 93 16 22 36
707 100 44 25 85 3 56 1 19 98 17 28 30 94 66
708 59 74 7 93 40 1 75 2 28 46 86 56 58 82 83
709 80 14 15 53 86 77 7 81 79 33 88 85 59 28 69 48 82 27
710 8 28 33 41 26 93 56 74 58 48 87
711 85 49 40 92 97 77 29 19 81 87 16 35 4
712 55 79 56 50 64 26 74 44 36 25 95 41 1 66 98 71 69 90 30
713 49 85 18 15 96 48 31 40 24 46 44
714 47 6 68 75 51 66 53 99 29 83 67 95 62 44 40
715 6 86 98 5 49 53 46 68 25 41 29 81 10 23
716 63 83 88 17 45 85 40 48 12 34 32 16
717 88 68 54 55 67 38 8 59 21 94 50 93 95 48 56 60 98 22 31
718 16 91 79 30 70 99 42 13 29 96 37 67
719 57 38 5 12 9 24 15 99 68 39 60 52 10 81 83 63
720 89 74 86 65 6 14 51 72 52 60 58
721 56 39 14 4 87 55 50 12 98 66 74
722 30 44 100 58 11 65 9 55 91 71 75 39 80
723 32 89 14 90 48 59 73 38 45 49 83 28 41 21 62
724 30 97 85 95 44 29 86 33 90 72 88 16 78 83 81 55 2 99 47
725 3 24 93 98 10 6 12 25 14 64 65
726 25 7 58 40 13 81 10 66 37 98 54 91 55 74
727 42 49 96 57 88 15 98 65 4 52 60 8 64 48 70 12 94 59 3
728 5 89 48 52 14 55 84 46 23 86
729 83 91 77 39 96 42 70 87 12 37 60 30 19
730 20 60 57 25 28 93 79 41 81 30 47 2 3
731 94 71 46 17 52 93 4 38 87 96 90 62
732 86 16 15 44 28 84 1 80 58 5
733 31 94 95 3 76 92 6 98 90 96
734 14 69 31 15 16 85 4 98 86 45 5 22 29 63
735 42 46 6 81 28 80 36 48 99 51 78 69 97 98 15 62 7 43 24
736 100 39 45 24 81 40 7 55 20 54 58 67 47 2 87 77 6 10
737 29 5 11 56 91 18 68 23 70 100 44 50 72 76 16 88
738 34 1 62 42 83 14 2 84 96 9 23 19
739 52 68 83 43 100 22 48 21 69 18 4 96 72
740 85 20 98 75 37 71 93 15 13 1 29 99 88 49 10 94 40 78 5
741 91 69 26 98 14 88 6 73 96 25 48 40 79 86
742 32 71 42 58 85 26 28 31 90 60 69 83 81 91 6 100 67
743 24 13 42 19 83 14 12 81 91 31 94 66 3 97
744 46 76 57 36 37 22 32 14 70 72 38 26 18 41 84 89 63 50
745 76 30 64 3 72 81 24 28 45 33 66 50 37 1 96
746 48 70 52 87 22 39 50 24 57 29
747 9 10 6 22 66 2 7 43 32 86 12 26 15 83 94 48 71 3 16
748 54 62 71 15 65 13 60 40 90 20 30 75 12 89 98 80 53 18
749 14 3 9 79 4 56 16 58 30 87 11 96 88 82 2
750 75 34 40 36 85 82 31 20 72 42
751 50 39 55 78 66 36 92 26 33 2 52 9 57 84 71 37 7 97 51
752 71 69 64 35 29 75 82 21 87 73 22 53 9 84 16 74 13 70
753 77 18 99 89 13 69 6 29 76 65 15 81 93 68 94
754 40 10 23 74 29 33 19 59 94 7 100 16 24 15 67 42 82
755 4 64 22 36 30 12 75 53 23 95 50 93
756 31 13 15 30 32 49 9 3 39 63
757 8 3 100 19 99 27 26 68 61 4 96 79 45 66 67 5 43 7 12 38
758 68 90 52 63 62 56 70 4 86 48 78 18 97 32
759 74 6 78 83 72 65 11 90 7 79 98 47 52 14 32 87 19
760 86 20 59 94 43 38 65 61 45 95
761 80 89 27 69 49 84 36 91 13 19
762 12 93 10 62 83 19 53 29 40 26 63 5
763 54 16 14 90 77 87 8 36 10 57 4 41 35 18 61 70 75 26
764 19 18 50 25 26 30 2 100 56 27 36
765 3 77 5 70 95 9 33 19 90 74 79 86 1 22
766 89 93 3 81 6 95 58 50 22 16 70 52 43 47 56 14
767 21 25 75 78 10 2 34 28 5 27 80
768 47 1 87 6 27 97 69 72 25 26 100 90 49 40 2 85 98 46
769 82 84 8 42 56 58 86 51 54 62 74 88 71 64 29 4 23 48 96
770 89 47 83 18 29 32 58 6 4 99 64 50
771 41 67 88 16 10 100 24 80 9 30 7 73 96 66 25
772 10 96 45 89 8 14 63 16 49 74 7 93
773 90 99 9 70 44 16 64 71 1 85 32 86 96 21
774 100 64 15 82 5 58 3 12 42 41 90 34 57 47 21 49 83
775 21 69 94 83 41 81 48 73 40 47 57 27 50 10 88 61 26
776 32 20 33 73 31 80 69 59 87 82 26 25 27 5 68 21 94 14 13 11
777 86 2 31 49 64 11 54 80 35 77 65 44 32 93
778 68 3 66 49 19 92 59 1 39 18 78 85 30 63 31
779 19 32 21 52 97 28 78 66 90 89 53 24 42 12 36
780 81 21 35 17 75 29 61 46 52 22 11 4 26 87 7 31 41
781 39 35 80 5 85 62 96 47 9 23
782 85 19 10 12 42 60 8 18 71 38 88 72 64 100 58 47 48
783 70 25 8 50 57 39 15 51 64 75 71 55 1 78 44 18 9 31 34
784 5 34 20 1 78 51 30 3 89 27 84 10 43 26 59 36 25 87 96 65
785 61 28 32 21 81 43 49 53 83 86 16 84 78 63 41
786 47 75 2 36 21 50 83 11 54 86 58 5 35 96 23 72 14 79
787 21 93 97 68 33 52 3 81 29 1 62 73 51 37
788 15 49 4 14 81 68 43 57 32 2 39 67 37 33 100 23 3
789 34 85 52 11 33 2 78 24 19 9 80 82 44 63
790 87 47 4 94 54 16 72 71 82 29 34 5 1 33 12 42 6 7 49 70
791 85 44 73 2 59 79 99 71 7 62 28 82 11 56 23 12 54 78 75
792 18 63 13 28 71 43 21 77 9 1
793 13 95 52 63 29 60 47 38 48 89 40 17
794 24 8 9 26 68 11 29 13 45 40 16 1 22 91 89 78
795 98 58 42 48 11 15 32 19 82 35 7
796 54 62 86 15 46 26 9 70 57 13 52 80 27 83 75
797 12 65 39 53 33 72 94 86 7 52
798 98 80 7 70 40 65 30 63 14 51
799 80 93 43 11 7 71 70 78 22 39 14 81 34 12 84 100 9
800 48 29 39 52 34 70 65 16 94 89 68 19 55 79 45 28 38
801 12 43 51 57 79 91 75 67 17 82 66 96 65 62 2 74 15 73 56 32
802 9 15 80 2 49 52 82 64 62 30 94 46
803 68 66 94 89 28 11 6 30 13 91 72 29 75 85 86 64 76 35 4
804 10 6 61 2 78 41 23 51 84 62 17 21 88 36 28 80 95 87 99 98
805 100 78 75 47 19 65 40 71 15 57 32 49 85 76 25 11 98 68 94 41
806 2 3 83 66 35 12 69 8 90 7 38 63 54 31 58
807 50 75 47 7 88 39 19 26 76 84 66 46 42 31 17 57 30 10 70 90
808 72 53 94 51 12 7 70 1 65 17 76 84 91 6 63 3 5
809 55 40 77 33 63 50 47 85 84 56 67
810 98 79 20 69 86 9 93 42 41 43 30 18 82 27
811 59 22 13 71 73 32 79 97 60 40 24
812 75 99 8 68 65 34 74 79 9 26 14 19 54 46 72 89 86
813 31 90 9 42 16 23 34 58 52 87 25 17 3 85 68 45 28
814 51 74 30 59 86 84 61 49 43 5 90
815 62 22 60 56 44 13 64 32 12 76 57 45 18 58 11 10 85 92
816 20 25 72 38 83 57 56 79 67 4 97 17 29 37 6 33 7
817 51 1 25 79 71 20 4 97 91 72 70 94 15 16 42 8
818 23 49 41 63 14 36 30 4 97 81 54 42 89
819 98 91 12 70 63 33 19 71 25 59 26 28 94 67 22
820 80 32 52 77 15 50 37 68 87 95 88 17 45
821 18 9 30 50 68 77 81 94 36 33 6 11 97 56 93 44
822 80 87 23 43 3 99 1 40 70 44 30 71 19
823 29 18 69 31 80 72 2 30 63 66 7 85 95 20 50
824 78 5 92 39 84 8 10 51 70 59 98 100 21 50 20 74 65 66 29 71
825 39 66 94 49 36 40 25 37 33 78 50 90 84 48 65 54 59 81
826 26 19 37 7 12 100 17 53 8 86 32 99 5
827 77 31 96 89 95 63 36 5 26 97 91 93 54 99
828 47 26 99 9 10 62 64 65 38 83 8 77 79 92 94 54
829 18 21 59 54 50 73 38 60 51 83 86 49 9
830 60 48 33 42 41 26 46 40 35 76 31 53 16 50 64 75 13 47 17
831 1 80 48 98 83 88 75 70 23 67 32 38 58 94 19 69 16
832 38 93 15 90 73 2 58 6 27 55 54 57 66 52 80 72 35 95 62 4
833 49 51 72 38 24 33 75 87 28 31 7
834 22 29 66 96 8 37 83 68 47 81 26 48 64 39 41 33 43 54 80 4
835 59 2 90 96 37 6 25 26 24 75 7 68 43 53 67 40
836 56 64 36 38 78 33 51 73 22 43 59 12 40 35 77 60 50 76 49 79
837 71 21 61 90 33 9 32 77 85 57 10 65
838 30 70 78 19 1 76 54 8 45 4 84 27 97 12 13 59 6 91
839 47 59 39 37 40 69 68 78 3 88 63 92 43 80 97 71
840 58 85 76 46 78 34 21 64 55 49 98 33 44 93 79 63 51 9
841 89 17 18 64 60 44 1 3 79 24 81 8 87
842 65 89 6 98 21 10 31 47 73 44 100 14 24
843 62 68 99 92 59 25 74 79 45 23 4 22 75
844 31 48 86 100 87 53 80 56 21 24 90 78 60 27
845 90 55 13 82 28 37 52 65 79 18 32 87 27 5 40 91 88 95 10
846 74 79 1 66 17 28 88 100 77 25 97 22 10 20 99 92 69 65
847 85 57 4 87 91 15 44 79 16 51 63 7 27 94 83 98
848 81 21 31 91 53 63 87 60 61 45 28 75 2 25 10 11 24 14 36 37
849 24 34 60 72 6 57 51 56 79 87 46 38 23 64 74 35 33 18
850 90 43 55 30 6 38 34 40 100 29 73 72 76 46 3 5 80 53 31 21
851 9 97 67 51 16 92 65 93 10 54 28 99 95 36 11 91
852 50 29 27 44 100 92 56 79 15 6 11 65 70 66 94 71
853 24 77 63 25 17 84 98 40 44 22 89 21 13 85 69 75
854 35 26 40 82 99 71 100 89 69 1 53 68 15 63 32 22 67 42 74
855 53 58 100 48 91 39 29 81 69 93
856 55 23 39 70 75 87 53 58 46 85 94 95 22
857 52 92 8 24 36 28 41 72 46 90 67 21 64 40 56 16 99 49 20 53
858 3 78 63 50 33 53 31 62 1 35 12 82 34 29 94 95 89 45 30 72
859 47 55 23 65 34 50 82 58 86 95 64
860 14 90 82 62 80 71 24 52 25 75 6 68 22 53 36 8
861 79 69 59 93 21 22 92 18 84 17 61 68 75 28 36 20 24 99
862 93 78 22 52 77 47 19 39 7 97 80 84 10 87
863 10 23 6 93 7 35 95 16 9 44 59 70
864 18 82 37 23 83 91 49 39 79 29 20 62
865 32 70 88 31 14 62 78 65 73 95 66 94
866 57 83 63 49 35 99 93 23 40 46 97 21 80 18 24 37 74 55 25 79
867 98 43 93 80 88 70 11 64 96 50 66 81 23 68 36 18 17 63 46 24
868 52 51 24 66 16 28 34 29 2 83
869 27 55 78 30 91 84 53 86 48 22 39 70 81 42 88 31
870 97 79 72 7 14 62 34 92 74 13 19 33 1 25 3
871 52 55 88 86 37 72 45 39 2 60 28 79 7 34 36 31 35 18
872 89 33 75 79 47 91 92 100 23 46 32 3 26 72 68
873 96 29 14 46 42 78 84 26 41 40 76 77 90 19 2 56 86 71 6
874 20 5 3 7 29 27 56 57 92 47 60 17 66 31 6 88
875 9 97 69 34 30 77 2 76 12 72
876 9 24 55 46 43 64 65 21 87 16
877 64 85 95 76 73 17 31 99 1 87
878 57 59 47 79 21 7 9 95 3 71 90 8 52 97 37 23 66
879 12 55 65 90 51 17 46 91 21 2 79 53 26 85 74 99 56 39
880 56 12 50 8 77 64 81 71 75 48 9 41 5 21
881 49 40 77 52 10 74 91 59 97 11 17 87 58 22 51 65 9 69 24 78
882 41 45 79 95 43 51 70 11 28 10 2 14 90 15 24 88
883 39 98 24 41 32 43 30 1 54 52 74 10
884 87 82 49 41 26 53 76 43 81 71 27 64 25 70 5 16 66 62 6
885 24 12 61 31 91 67 40 26 35 97 60 42 27 84 81 69
886 43 25 32 26 79 38 7 62 11 31 3 90 71 2 8 80 9
887 79 9 81 23 91 3 82 64 63 22 55 84 99 57 62 83
888 98 77 50 20 49 31 76 85 56 27
889 12 13 2 35 52 19 86 36 53 51 54 68 22 85 99 73 46
890 98 83 61 63 6 52 100 72 85 36 91 17 23
891 100 78 10 22 4 8 99 16 36 57 32 55 67 17 84
892 92 30 59 41 24 60 88 82 77 19 26 39 21 42 22 57
893 27 97 78 40 67 76 9 12 13 62 94 56 48 44 77
894 92 10 37 15 39 49 11 86 69 34 78 19 9 68 55 80
895 24 85 47 37 68 88 41 94 20 51 73 2 65 78 81 26 45 10 17
896 50 22 11 15 55 75 27 37 46 68 52 77 34 61 2 30 62 90 83 33
897 29 51 47 32 65 25 4 3 11 49 62 64 16 100 93 15 69
898 23 69 61 33 32 90 55 84 40 6 92 43 47 79 76 75
899 9 76 21 52 8 81 22 99 98 32 42 30
900 36 46 4 64 14 22 81 92 32 30 87 2 40 34 77 6 99 28 27 17
901 57 8 73 88 95 47 93 92 40 97 10
902 96 83 43 29 98 15 90 84 9 88 91 2 11 53 54 51
903 82 67 92 47 23 43 89 52 96 8 85 1 70 9 5 25 49 11 16
904 32 36 37 52 58 16 91 67 82 42
905 81 94 15 86 60 13 3 66 8 93 54 17 65 97
906 25 38 57 93 5 48 58 47 83 100 10 46 27 14 49 66 75 1
907 29 57 31 25 24 43 22 16 14 70 2 33
908 87 47 76 58 13 22 97 36 38 42 66 48
909 52 5 38 75 99 43 49 60 10 8 27 23 2 14 57 44
910 59 6 67 68 38 24 4 50 97 83 7 3 74 9 45 57 61 65 86 71
911 56 75 94 41 44 33 66 82 21 52 86 19 79 90 63 12 9
912 96 68 85 73 29 13 37 59 19 25 82 94 50 91 57 58 65 36
913 30 7 56 72 8 17 92 79 27 81 39 10 99
914 1 95 11 52 12 60 53 15 39 96 61 22
915 80 89 13 78 72 19 79 90 56 50 27
916 9 67 56 95 31 36 93 35 52 32 3 27 14 6 7
917 54 71 96 20 45 89 78 80 46 19
918 53 20 36 32 89 9 47 54 60 29 87 23 48 100
919 99 75 43 88 8 9 94 69 29 66 67 18
920 66 43 26 80 60 27 90 78 9 7 100 52 41 13
921 76 16 56 73 82 97 52 40 48 87 95 70 61 11
922 57 35 14 66 18 12 40 51 25 24 38 7 78 74 89 72 28 50 96
923 20 71 83 51 43 97 26 34 2 64
924 81 75 1 79 15 85 57 93 23 83 48 20 94 96 53 22 30 27 28 72
925 29 82 1 74 95 62 97 21 18 72 100 45 57 96 28
926 21 32 62 10 67 93 53 37 79 99 92 75 3 7 38 51 70 66 42 25
927 53 96 58 76 8 40 70 20 26 1 71 84 42
928 11 39 26 76 57 37 66 98 9 56 15 91
929 28 15 75 82 83 8 10 51 22 23 5 13 35 17 25
930 82 97 45 90 37 31 71 13 22 95 50 1 7 49
931 52 50 40 68 81 95 61 51 49 73 87 98 31 12 99 11 53 79 7
932 88 77 81 29 2 76 28 78 36 32 49 53 47 73 91
933 42 94 44 16 55 15 26 29 91 89 9 98 86 32 70 84 33 96 19 99
934 72 83 10 63 77 35 18 24 1 14 96 64 29 28 99 82 4 70
935 24 21 97 12 52 96 14 28 56 20 33 86 71 64 46 23 76 79
936 2 73 69 9 12 13 89 96 44 77 45 57 32 16 90 24
937 65 6 67 44 5 77 37 18 88 61 52 69
938 1 20 93 23 98 33 41 7 26 38 97 12 10
939 49 46 48 38 39 10 30 62 88 42 92 19
940 29 17 84 95 48 63 3 97 79 28 7 80 45 86
941 85 74 93 92 22 19 34 24 41 78 60 26 5 38 81 21 61
942 56 27 65 11 89 42 35 76 12 64 41 96 36 29 90 92
943 1 46 14 13 76 24 5 87 67 30 56 73 38 85
944 53 22 98 50 8 65 80 5 23 68 16 60 19 78 6 88 81
945 38 40 60 56 74 66 6 17 7 44 52 4 73 26
946 54 85 86 32 48 24 53 95 55 80 33 50 88 27 97 84 34
947 56 42 39 74 76 54 12 40 1 70 14 85
948 79 23 5 49 43 52 12 6 36 94 19 88
949 68 47 15 33 59 8 82 1 3 94 6 21 55 87 29 95 24 40
950 86 53 38 15 69 100 17 74 45 91 13 21 44 30 40 55 1 81 8
951 89 30 88 37 83 97 32 71 43 67 1 33 21 66 17 28
952 64 58 99 69 85 23 32 97 51 17 83 94
953 33 66 17 29 13 45 2 47 100 10 88 20 48 61
954 72 3 62 73 27 90 59 86 92 28 37 87
955 77 100 36 76 82 53 15 11 44 97 6 67
956 42 6 84 3 49 28 51 87 45 52 10 73 38
957 5 1 30 90 67 98 24 91 57 72 8 18 99 66 87 75 41
958 62 17 84 51 81 98 57 46 76 83
959 23 81 58 62 6 79 73 83 40 71 64 21 34 70 94 51 87 38 30 48
960 49 67 40 59 50 68 62 77 9 56 17 38 92
961 50 89 80 60 30 22 38 24 36 6 26 79 73 37 69 39 19 83
962 15 89 35 61 90 57 11 41 19 96 16 75 55
963 2 23 84 61 25 19 55 47 59 48 92 67
964 30 33 74 8 47 10 43 56 46 51 62
965 71 62 82 88 65 10 19 68 5 36
966 29 66 59 30 97 70 14 80 82 33 92 93 31 91 75 17 9 13 57
967 69 95 38 71 87 39 10 41 53 49 25 24 63 8 40 72 26 90 34 20
968 23 12 76 32 11 40 72 87 47 36 27 92 22 37 90 84 49
969 55 62 61 4 73 81 79 5 83 57 18
970 33 63 38 64 24 13 25 96 46 9
971 21 52 37 77 83 31 5 11 4 22 33 59 76
972 97 31 50 42 14 73 75 29 35 92 40 10 11 58 62 49 85 26 71
973 60 24 91 25 44 79 20 95 45 35 1 77 18 68 2
974 1 17 47 43 21 49 10 91 99 13 82 45 98 7 87 68 64 28 62
975 57 43 12 70 81 84 22 36 71 72 68 19
976 6 68 32 63 23 35 40 56 93 11 67 89 4 14
977 88 80 22 98 73 92 83 16 33 68 11 6
978 19 41 58 80 65 54 74 50 38 97 86 49
979 63 93 54 12 73 67 88 29 52 1 27 74 70 79 53
980 6 1 23 66 93 79 9 51 24 52 56 89 43 36 98 14 90 91
981 66 82 45 89 96 56 88 7 95 86 87 61 32 97 3 38 73 52
982 62 77 91 11 39 29 52 15 59 49 10 69 90
983 65 30 72 42 88 1 94 57 78 73 96 63 37 60 56 98 74 97 38 29
984 23 16 3 57 30 69 37 86 10 72 75 14 50 5
985 78 90 30 65 16 13 62 14 52 34
986 87 100 28 66 62 32 15 83 96 75 19
987 69 46 21 57 36 54 17 85 42 68 7
988 76 33 39 86 25 89 13 42 92 54 91 8 17 23
989 80 42 71 4 66 56 92 24 19 11 14 95 61 68 43 99 96 3 90 17
990 10 91 93 97 81 62 44 19 94 78
991 30 53 93 41 82 22 94 12 96 70 74 69 33 50 65 5 1 55 38 88
992 27 87 15 3 50 88 62 1 97 31 89 81 77 33 11 83
993 76 11 21 36 27 13 69 98 3 6 73 85 81 65 26 74
994 82 66 80 15 25 64 23 29 99 4 10 90 69 26 16
995 63 30 73 7 5 94 52 2 97 84 93 59 82 75 50 72 40 79
996 42 13 54 22 93 72 20 10 84 50 36 45 2 7 37 94 18 61 75
997 4 97 1 8 36 89 85 92 57 26 66 58 49 25
998 25 39 8 9 5 33 38 16 96 68 92 26 57 28
999 37 69 72 21 23 29 28 6 25 49 34 73 97 91 13 45 96 90 9
